1 0.92362 0.1341775 -0.6625992 0.01783532
0.03062297 0.03172886 -0.1044742 0.0009183783 -0.2043486
-0.05316702 0.05596223 0.04785657 0.04008999 -0.02100761
0.002536532 0.05874178 0.03799103 -0.03344484 -0.03171073
-0.09475493 -0.2134315 0.92362 1 0.120214
-0.7719478 -0.002553571 0.01035419 0.00938841 -0.1535914
0.03172255 -0.2686831 -0.0672718 0.0191424 0.02571575
0.05359143 -0.03578116 -0.005442373 0.06487269 0.04211112
-0.01272689 -0.03545729 -0.0907887 -0.2676436 0.1341775
0.120214 1 -0.06620042 0.03834276 0.06479142
-0.1570954 -0.2286514 0.124803 -0.176244 -0.08653493
0.1105157 -0.1236983 -0.06713534 -0.03917845 -0.02356111
0.04481529 0.108417 -0.1714918 -0.04460977 -0.1470858
-0.03537468 -0.6625992 -0.7719478 -0.06620042 1
0.007593852 -0.004413286 -0.001722427 0.1470817 -0.06392629
0.2964014 0.0512967 0.07310095 -0.001718033 -0.07696347
0.04441173 0.0150662 -0.07629848 -0.05055069 0.001634832
0.02878638 0.08099284 0.3570745 0.01783532 -0.002553571
0.03834276 0.007593852 1 0.9162054 0.02379072
0.0804628 -0.03996646 0.1136533 0.0412422 0.1243469
0.05966779 -0.1402603 0.02707955 0.0041529 0.0276196
0.03832633 -0.05165918 -0.02643787 -0.06000736 -0.1094591
0.03062297 0.01035419 0.06479142 -0.004413286 0.9162054
1 0.00734761 0.06144469 -0.00210273 0.1197415
0.01721148 0.1027153 0.02946355 -0.182168 -0.004517573
-0.01179084 0.02768904 0.04402796 -0.02453614 -0.04490042
-0.06286394 -0.1425037 0.03172886 0.00938841 -0.1570954
-0.001722427 0.02379072 0.00734761 1 0.6231712
0.2024388 0.02243378 -0.004167 0.4640151 0.8380748
0.04619902 0.2619765 -0.01423247 -0.03549911 0.06187546
-0.01993463 0.08527286 0.2441074 0.0545059 -0.1044742
-0.1535914 -0.2286514 0.1470817 0.0804628 0.06144469
0.6231712 1 -0.1684243 0.5452487 0.1314467
0.20413 0.5837574 0.0108201 0.2828199 0.03993656
-0.0744165 -0.009047531 -0.007487598 0.1819606 0.2932943
0.07361349 0.0009183783 0.03172255 0.124803 -0.06392629
-0.03996646 -0.00210273 0.2024388 -0.1684243 1
-0.2087056 -0.1071409 -0.01772466 -0.02095384 0.04631958
-0.05500614 -0.1661913 0.009580661 0.1180547 0.044184
-0.124305 -0.06296442 -0.01319255 -0.2043486 -0.2686831
-0.176244 0.2964014 0.1136533 0.1197415 0.02243378
0.5452487 -0.2087056 1 0.2958474 -0.1050701
0.01103823 -0.04964396 0.1151555 0.1068512 -0.08818071
-0.04003946 0.03445882 0.08363935 0.1574045 0.1087607
-0.05316702 -0.0672718 -0.08653493 0.0512967 0.0412422
0.01721148 -0.004167 0.1314467 -0.1071409 0.2958474
1 -0.08813802 -0.05665549 -0.01269023 0.06966253
0.04262498 -0.02075251 -0.0424923 0.07549771 0.01950216
0.03132757 -0.1425267 0.05596223 0.0191424 0.1105157
0.07310095 0.1243469 0.1027153 0.4640151 0.20413
-0.01772466 -0.1050701 -0.08813802 1 0.6244182
-0.2195277 0.09710948 -0.03545858 0.05561369 -0.02216114
-0.1169608 -0.009409641 0.01817426 0.07847246 0.04785657
0.02571575 -0.1236983 -0.001718033 0.05966779 0.02946355
0.8380748 0.5837574 -0.02095384 0.01103823 -0.05665549
0.6244182 1 0.03894558 0.1713851 0.01908618
-0.04115818 -0.003116143 0.01768846 0.03323875 0.2096818
0.064586 0.04008999 0.05359143 -0.06713534 -0.07696347
-0.1402603 -0.182168 0.04619902 0.0108201 0.04631958
-0.04964396 -0.01269023 -0.2195277 0.03894558 1
0.07308041 0.03922278 -0.0138929 0.06965586 -0.01160674
0.03752085 0.03488148 0.08964682 -0.02100761 -0.03578116
-0.03917845 0.04441173 0.02707955 -0.004517573 0.2619765
0.2828199 -0.05500614 0.1151555 0.06966253 0.09710948
0.1713851 0.07308041 1 0.06815566 0.04039416
0.01867679 -0.1702686 0.2154347 0.04888978 0.06541619
0.002536532 -0.005442373 -0.02356111 0.0150662 0.0041529
-0.01179084 -0.01423247 0.03993656 -0.1661913 0.1068512
0.04262498 -0.03545858 0.01908618 0.03922278 0.06815566
1 -0.4007789 -0.2728892 0.02159928 0.09901438
0.109945 -0.005998089 0.05874178 0.06487269 0.04481529
-0.07629848 0.0276196 0.02768904 -0.03549911 -0.0744165
0.009580661 -0.08818071 -0.02075251 0.05561369 -0.04115818
-0.0138929 0.04039416 -0.4007789 1 0.4216368
-0.1889266 -0.02758301 -0.08949387 -0.04744219 0.03799103
0.04211112 0.108417 -0.05055069 0.03832633 0.04402796
0.06187546 -0.009047531 0.1180547 -0.04003946 -0.0424923
-0.02216114 -0.003116143 0.06965586 0.01867679 -0.2728892
0.4216368 1 -0.342555 -0.03779076 -0.1116438
0.05555814 -0.03344484 -0.01272689 -0.1714918 0.001634832
-0.05165918 -0.02453614 -0.01993463 -0.007487598 0.044184
0.03445882 0.07549771 -0.1169608 0.01768846 -0.01160674
-0.1702686 0.02159928 -0.1889266 -0.342555 1
-0.1761029 -0.07857491 -0.02210701 -0.03171073 -0.03545729
-0.04460977 0.02878638 -0.02643787 -0.04490042 0.08527286
0.1819606 -0.124305 0.08363935 0.01950216 -0.009409641
0.03323875 0.03752085 0.2154347 0.09901438 -0.02758301
-0.03779076 -0.1761029 1 0.2375688 0.03393773
-0.09475493 -0.0907887 -0.1470858 0.08099284 -0.06000736
-0.06286394 0.2441074 0.2932943 -0.06296442 0.1574045
0.03132757 0.01817426 0.2096818 0.03488148 0.04888978
0.109945 -0.08949387 -0.1116438 -0.07857491 0.2375688
1 0.06240396 -0.2134315 -0.2676436 -0.03537468
0.3570745 -0.1094591 -0.1425037 0.0545059 0.07361349
-0.01319255 0.1087607 -0.1425267 0.07847246 0.064586
0.08964682 0.06541619 -0.005998089 -0.04744219 0.05555814
-0.02210701 0.03393773 0.06240396 1
